28 #SUP: 779870
5 28 #SUP: 753209
34 #SUP: 798042
26 34 #SUP: 743455
5 26 34 #SUP: 743455
20 34 #SUP: 780912
5 20 34 #SUP: 780912
29 34 #SUP: 798042
26 29 34 #SUP: 743455
5 26 29 34 #SUP: 743455
20 29 34 #SUP: 780912
5 20 29 34 #SUP: 780912
5 29 34 #SUP: 798042
5 34 #SUP: 798042
42 #SUP: 829588
20 42 #SUP: 798337
5 20 42 #SUP: 798337
5 42 #SUP: 820866
23 #SUP: 888309
20 23 #SUP: 834217
5 20 23 #SUP: 834217
5 23 #SUP: 863546
13 23 #SUP: 888309
13 20 23 #SUP: 834217
5 13 20 23 #SUP: 834217
5 13 23 #SUP: 863546
13 #SUP: 888309
13 20 #SUP: 834217
5 13 20 #SUP: 834217
5 13 #SUP: 863546
14 #SUP: 927828
14 29 #SUP: 740316
5 14 29 #SUP: 740316
14 15 #SUP: 742992
5 14 15 #SUP: 742992
14 26 #SUP: 789840
14 20 26 #SUP: 768817
5 14 20 26 #SUP: 768817
5 14 26 #SUP: 789840
14 20 #SUP: 888891
5 14 20 #SUP: 888891
5 14 #SUP: 914357
12 #SUP: 1128249
12 15 #SUP: 843249
12 15 20 #SUP: 820219
5 12 15 20 #SUP: 820219
5 12 15 #SUP: 843249
12 29 #SUP: 897984
12 26 29 #SUP: 793834
12 20 26 29 #SUP: 773162
5 12 20 26 29 #SUP: 773162
5 12 26 29 #SUP: 793834
12 20 29 #SUP: 874394
5 12 20 29 #SUP: 874394
5 12 29 #SUP: 897984
12 26 #SUP: 927437
12 20 26 #SUP: 900854
5 12 20 26 #SUP: 900854
5 12 26 #SUP: 927437
12 20 #SUP: 1071352
5 12 20 #SUP: 1071352
5 12 #SUP: 1104396
10 12 #SUP: 1128249
10 12 15 #SUP: 843249
10 12 15 20 #SUP: 820219
5 10 12 15 20 #SUP: 820219
5 10 12 15 #SUP: 843249
10 12 29 #SUP: 897984
10 12 26 29 #SUP: 793834
10 12 20 26 29 #SUP: 773162
5 10 12 20 26 29 #SUP: 773162
5 10 12 26 29 #SUP: 793834
10 12 20 29 #SUP: 874394
5 10 12 20 29 #SUP: 874394
5 10 12 29 #SUP: 897984
10 12 26 #SUP: 927437
10 12 20 26 #SUP: 900854
5 10 12 20 26 #SUP: 900854
5 10 12 26 #SUP: 927437
10 12 20 #SUP: 1071352
5 10 12 20 #SUP: 1071352
5 10 12 #SUP: 1104396
10 #SUP: 1128249
10 15 #SUP: 843249
10 15 20 #SUP: 820219
5 10 15 20 #SUP: 820219
5 10 15 #SUP: 843249
10 29 #SUP: 897984
10 26 29 #SUP: 793834
10 20 26 29 #SUP: 773162
5 10 20 26 29 #SUP: 773162
5 10 26 29 #SUP: 793834
10 20 29 #SUP: 874394
5 10 20 29 #SUP: 874394
5 10 29 #SUP: 897984
10 26 #SUP: 927437
10 20 26 #SUP: 900854
5 10 20 26 #SUP: 900854
5 10 26 #SUP: 927437
10 20 #SUP: 1071352
5 10 20 #SUP: 1071352
5 10 #SUP: 1104396
15 #SUP: 1137360
15 29 #SUP: 917690
15 26 29 #SUP: 838141
15 20 26 29 #SUP: 819649
5 15 20 26 29 #SUP: 819649
5 15 26 29 #SUP: 838141
15 20 29 #SUP: 896599
5 15 20 29 #SUP: 896599
5 15 29 #SUP: 917690
15 26 #SUP: 983772
15 20 26 #SUP: 958502
5 15 20 26 #SUP: 958502
5 15 26 #SUP: 983772
15 20 #SUP: 1105064
5 15 20 #SUP: 1105064
5 15 #SUP: 1137360
29 #SUP: 1159359
26 29 #SUP: 1019720
20 26 29 #SUP: 993743
5 20 26 29 #SUP: 993743
5 26 29 #SUP: 1019720
20 29 #SUP: 1129117
5 20 29 #SUP: 1129117
5 29 #SUP: 1159359
26 #SUP: 1203841
20 26 #SUP: 1169411
5 20 26 #SUP: 1169411
5 26 #SUP: 1203841
20 #SUP: 1400247
5 20 #SUP: 1400247
5 #SUP: 1444294
